Name,Scores,Fused Ranks
,,,
,,,
Aaron_Peirsol_,2075,550
Aaron_Sorkin_,3846,1518
Abdel_Nasser_Assidi_,1953,481
Abdoulaye_Wade_,4410,1642
Abdullah_,3575,1425
Abdullah_Gul_,3026,1159
Abdullah_al-Attiyah_,2165,614
Abdullatif_Sener_,3819,1509
Abel_Pacheco_,1947,474
Abid_Hamid_Mahmud_Al-Tikriti_,4328,1630
Adam_Sandler_,603,29
Adam_Scott_,2473,815
Adel_Al-Jubeir_,4013,1565
Adolfo_Aguilar_Zinser_,3481,1382
Adolfo_Rodriguez_Saa_,3800,1503
Adrian_McPherson_,4261,1618
Adrian_Nastase_,2047,533
Adrien_Brody_,1378,216
Ahmad_Masood_,2762,995
Ahmed_Chalabi_,2617,908
Ahmet_Necdet_Sezer_,1875,439
Ai_Sugiyama_,3546,1411
Aicha_El_Ouafi_,1141,150
Aitor_Gonzalez_,4337,1634
Akbar_Hashemi_Rafsanjani_,2382,763
Akhmed_Zakayev_,1338,201
Al_Davis_,3597,1433
Al_Gore_,3479,1379
Al_Pacino_,1320,198
Al_Sharpton_,3678,1462
Alan_Ball_,2642,926
Alan_Greenspan_,2653,935
Alan_Mulally_,1841,420
Alastair_Campbell_,3908,1539
Albert_Costa_,3774,1496
Alberto_Fujimori_,1947,475
Alberto_Ruiz_Gallardon_,1216,179
Albrecht_Mentz_,2306,707
Aldo_Paredes_,4098,1582
Alec_Baldwin_,1559,302
Alejandro_Atchugarry_,3100,1211
Alejandro_Avila_,2563,872
Alejandro_Toledo_,1459,252
Aleksander_Kwasniewski_,2492,825
Alex_Barros_,2031,525
Alex_Penelas_,1188,170
Alex_Sink_,3598,1434
Alexander_Downer_,1020,110
Alexander_Losyukov_,3117,1216
Alexander_Rumyantsev_,2606,898
Alexandra_Stevenson_,3857,1521
Alexandra_Vodjanikova_,2666,943
Ali_Abbas_,2336,726
Ali_Khamenei_,4342,1636
Ali_Naimi_,1340,202
Alice_Fisher_,2615,906
Alicia_Silverstone_,4196,1601
Alimzhan_Tokhtakhounov_,1126,146
Alison_Lohman_,2649,931
Allen_Iverson_,2132,595
Allison_Janney_,2016,515
Allyson_Felix_,3329,1320
Alvaro_Noboa_,2053,536
Alvaro_Silva_Calderon_,3000,1143
Alvaro_Uribe_,1555,300
Amanda_Beard_,2442,799
Amanda_Bynes_,520,20
Amanda_Coetzer_,1577,313
Amber_Tamblyn_,2121,586
Amelia_Vega_,1037,114
Amelie_Mauresmo_,2507,835
Amer_al-Saadi_,3072,1191
Amram_Mitzna_,2994,1140
Ana_Guevara_,2893,1069
Ana_Palacio_,550,25
Anastasia_Myskina_,4315,1628
Anders_Ebbeson_,4413,1644
Anders_Fogh_Rasmussen_,3769,1494
Andre_Agassi_,3989,1562
Andrei_Mikhnevich_,3680,1465
Andrew_Bunner_,3893,1535
Andrew_Cuomo_,2364,749
Andrew_Niccol_,931,86
Andrew_Weissmann_,2733,977
Andy_Hebb_,2762,996
Andy_Roddick_,2651,932
Angela_Bassett_,3455,1366
Angela_Lansbury_,777,52
Angela_Merkel_,1971,496
Angelina_Jolie_,2279,689
Angelo_Reyes_,2704,963
Anibal_Ibarra_,2415,786
Ann_Veneman_,3076,1195
Anna_Kournikova_,4455,1650
Anna_Nicole_Smith_,2793,1014
Anne_Krueger_,1922,462
Anne_McLellan_,1767,390
Anneli_Jaatteenmaki_,2435,795
Annette_Bening_,1400,228
Annette_Lu_,2305,704
Anthony_Fauci_,1130,147
Anthony_Hopkins_,2317,712
Anthony_LaPaglia_,2789,1010
Antonio_Banderas_,2983,1131
Antonio_Palocci_,2110,570
Antonio_Trillanes_,2564,873
Antony_Leung_,3242,1277
Anwar_Ibrahim_,1776,393
Arantxa_Sanchez-Vicario_,3384,1339
Ari_Fleischer_,2950,1105
Arianna_Huffington_,2922,1087
Ariel_Sharon_,1762,388
Arlen_Specter_,3031,1163
Arminio_Fraga_,3683,1466
Arnaud_Clement_,2778,1007
Arnold_Palmer_,3505,1396
Arnold_Schwarzenegger_,2569,877
Arnoldo_Aleman_,3090,1205
Aron_Ralston_,4038,1570
Arsinee_Khanjian_,2156,610
Art_Hoffmann_,1737,377
Art_Howe_,1985,501
Arturo_Gatti_,2586,887
Arye_Mekel_,2373,758
Asa_Hutchinson_,3866,1522
Ashanti_,2518,842
Ashton_Kutcher_,2910,1078
Atal_Bihari_Vajpayee_,2654,938
Augustin_Calleri_,2654,939
Augusto_Pinochet_,4146,1590
Augusto_Roa_Bastos_,2818,1027
Aung_San_Suu_Kyi_,3182,1255
Azra_Akin_,1881,443
Barbara_Brezigar_,2117,580
Barbara_Walters_,1032,113
Barbra_Streisand_,1566,307
Barrett_Jackman_,2653,936
Barry_Alvarez_,3015,1150
Barry_Zito_,2738,981
Bashar_Assad_,2938,1094
Begum_Khaleda_Zia_,3385,1340
Ben_Affleck_,2503,832
Ben_Curtis_,4162,1596
Ben_Glisan_,3302,1303
Ben_Howland_,3323,1318
Benazir_Bhutto_,3950,1550
Benjamin_Netanyahu_,1360,212
Bernard_Landry_,1687,358
Bernard_Law_,3187,1258
Bernard_Lord_,2519,844
Bernardo_Segura_,3102,1212
Bertie_Ahern_,3020,1153
Bertrand_Bonello_,1077,124
Beth_Jones_,2787,1009
Betsy_Smith_,2320,714
Bijan_Darvish_,2587,888
Bijan_Namdar_Zangeneh_,2694,958
Biljana_Plavsic_,1105,133
Bill_Belichick_,3292,1297
Bill_Callahan_,2349,736
Bill_Clinton_,2121,587
Bill_Frist_,1646,342
Bill_Gates_,2705,965
Bill_Graham_,2178,620
Bill_McBride_,3714,1473
Bill_Nelson_,3632,1446
Bill_Parcells_,2827,1035
Bill_Paxton_,2678,950
Bill_Simon_,2319,713
Bill_Sizemore_,3320,1315
Billy_Crystal_,1674,353
Billy_Graham_,2113,577
Billy_Sollie_,1020,111
Binyamin_Ben-Eliezer_,3285,1295
Blythe_Danner_,1474,255
Blythe_Hartley_,3942,1548
Bo_Pelini_,2183,624
Bo_Ryan_,1977,499
Bob_Beauprez_,1811,404
Bob_Colvin_,2385,766
Bob_Dole_,2705,966
Bob_Geldof_,2822,1032
Bob_Graham_,2345,733
Bob_Hope_,2116,579
Bob_Huggins_,3448,1364
Bob_Stoops_,3398,1344
Bobby_Goldwater_,2292,699
Bobby_Robson_,2989,1134
Bode_Miller_,3559,1418
Bono_,912,83
Boris_Becker_,3456,1369
Boris_Berezovsky_,1196,174
Boris_Yeltsin_,3845,1517
Brad_Garrett_,3240,1273
Brad_Johnson_,3078,1196
Branko_Crvenkovski_,2274,683
Brendan_Hansen_,3436,1359
Brian_Cowen_,2252,663
Brian_Griese_,2351,737
Brian_Heidik_,1931,466
Brian_Mulroney_,688,44
Brian_Wells_,2509,836
Bridget_Fonda_,2966,1116
Bridgette_Wilson-Sampras_,3078,1197
Brigitte_Boisselier_,713,45
Britney_Spears_,1952,480
Brooke_Shields_,1131,148
Bruce_Springsteen_,1894,450
Bruce_Van_De_Velde_,3211,1265
Bruce_Weber_,1094,128
Bud_Selig_,1042,117
Bulent_Ecevit_,2551,863
Butch_Davis_,2448,803
Byron_Scott_,3787,1499
Calista_Flockhart_,1857,429
Cameron_Diaz_,3373,1334
Camilla_Parker_Bowles_,2511,838
Candice_Bergen_,3164,1241
Candie_Kung_,4761,1676
Carl_Reiner_,1230,185
Carla_Del_Ponte_,2966,1117
Carla_Myers_,2203,639
Carlo_Ancelotti_,4754,1675
Carlos_Bianchi_,4077,1578
Carlos_Ghosn_,2254,665
Carlos_Manuel_Pruneda_,1997,507
Carlos_Menem_,1826,415
Carlos_Mesa_,1752,387
Carlos_Moya_,2720,973
Carlos_Ortega_,2219,643
Carlos_Quintanilla_Schmidt_,3809,1506
Carlos_Ruiz_,2713,971
Carlos_Vives_,385,9
Carly_Fiorina_,2799,1017
Carmen_Electra_,1900,453
Carol_Burnett_,2371,754
Carol_Moseley_Braun_,2634,922
Carolina_Kluft_,4290,1623
Carolina_Moraes_,2124,590
Caroline_Kennedy_,2480,819
Carolyn_Dawn_Johnson_,2456,810
Carrie-Anne_Moss_,2851,1047
Carson_Daly_,939,88
Carson_Palmer_,2322,717
Cate_Blanchett_,850,69
Catherine_Deneuve_,2668,945
Catherine_Zeta-Jones_,2129,593
Cathy_Freeman_,4282,1621
Cecilia_Bolocco_,3517,1404
Celine_Dion_,1178,168
Celso_Amorim_,2357,742
Cesar_Gaviria_,2554,865
Cesar_Maia_,3834,1513
Chakib_Khelil_,2326,720
Chan_Gailey_,3842,1515
Chanda_Rubin_,3639,1450
Chang_Dae-whan_,2287,696
Charles_Bronson_,1581,316
Charles_Grassley_,3274,1289
Charles_Kartman_,3392,1343
Charles_Mathews_,2486,823
Charles_Moose_,4599,1669
Charles_Schumer_,1911,456
Charles_Taylor_,2286,693
Charlie_Zaa_,4798,1678
Charlotte_Rampling_,3411,1346
Charlton_Heston_,3171,1246
Chen_Liang_Yu_,454,15
Chen_Shui-bian_,3743,1483
Cherie_Blair_,2083,554
Chick_Hearn_,2444,800
Chita_Rivera_,1553,299
Choi_Sung-hong_,1637,338
Chok_Tong_Goh_,2740,982
Chris_Bell_,2046,532
Chris_Byrd_,3629,1444
Chris_Cooper_,1586,320
Chris_Rock_,3302,1304
Chris_Tucker_,3530,1407
Christian_Fittipaldi_,2553,864
Christian_Longo_,2313,709
Christina_Aguilera_,2532,854
Christine_Baumgartner_,1507,273
Christine_Ebersole_,1632,336
Christine_Gregoire_,1785,400
Christine_Todd_Whitman_,2631,920
Christopher_Patten_,3138,1226
Christopher_Reeve_,1196,175
Christopher_Walken_,3010,1144
Chuck_Amato_,3374,1335
Chuck_Yeager_,3391,1342
Chung_Mong-hun_,3159,1238
Chung_Mong-joon_,1670,350
Cindy_Crawford_,2113,578
Cindy_Margolis_,2258,668
Ciro_Gomes_,3930,1545
Claire_Danes_,3636,1447
Claire_Hentzen_,4223,1609
Claire_Leger_,1661,345
Clara_Harris_,3415,1350
Clare_Short_,1450,246
Claudia_Pechstein_,2449,804
Claudia_Schiffer_,1001,107
Clay_Aiken_,3254,1281
Clint_Eastwood_,968,96
Colin_Farrell_,2018,516
Colin_Jackson_,4078,1579
Colin_Montgomerie_,4115,1584
Colin_Powell_,3979,1560
Conan_OBrien_,1492,264
Conchita_Martinez_,3180,1253
Condoleezza_Rice_,2914,1081
Constance_Marie_,3147,1231
Coretta_Scott_King_,3558,1417
Corinne_Coman_,3066,1186
Costas_Simitis_,1228,184
Courtney_Love_,1700,363
Cristina_Fernandez_,2430,793
Cristina_Saralegui_,1904,454
Cruz_Bustamante_,4218,1608
Cyndi_Thompson_,1363,213
Dai_Bachtiar_,2387,769
Daisy_Fuentes_,1487,262
Dalai_Lama_,2644,928
Dale_Earnhardt_Jr_,2437,796
Damon_van_Dam_,3642,1451
Dan_Morales_,2478,818
Dan_Wheldon_,3880,1530
Daniel_Day-Lewis_,2974,1125
Daniel_Radcliffe_,2853,1049
Daniela_Hantuchova_,3666,1458
Darrell_Issa_,1337,199
Darrell_Porter_,3018,1151
Darren_Clarke_,3455,1367
Daryl_Hannah_,3097,1209
Dave_Campo_,1746,382
David_Anderson_,3123,1218
David_Beckham_,2946,1103
David_Bell_,1942,470
David_Caraway_,3099,1210
David_Caruso_,966,95
David_Coulthard_,2934,1091
David_Dodge_,1156,156
David_Heyman_,2120,585
David_Heymann_,1397,225
David_Hyde_Pierce_,2691,954
David_Kelley_,1693,362
David_Leahy_,2522,847
David_Myers_,1894,451
David_Nalbandian_,4206,1605
David_Spade_,3052,1177
David_Stern_,3189,1260
David_Trimble_,1986,502
David_Wells_,3058,1181
David_Wolf_,2622,913
Dean_Barkley_,3170,1245
Debbie_Reynolds_,824,64
Debra_Brown_,2961,1111
Debra_Messing_,1427,236
Demetrius_Ferraciu_,2506,834
Demi_Moore_,1094,129
Denise_Johnson_,3812,1507
Dennis_Erickson_,2011,512
Dennis_Hastert_,3037,1169
Dennis_Kozlowski_,227,3
Dennis_Kucinich_,680,43
Dennis_Powell_,3482,1383
Denzel_Washington_,1489,263
Derek_Jeter_,3508,1397
Derek_Lowe_,4525,1659
Desiree_Lemosi_,2704,964
Dexter_Jackson_,3110,1215
Diana_Krall_,2170,616
Diana_Munz_,3068,1189
Diana_Taurasi_,3510,1400
Diane_Green_,1561,305
Dianne_Feinstein_,2100,564
Dick_Cheney_,1337,200
Dick_Clark_,748,48
Dick_Latessa_,2492,826
Dick_Vermeil_,3488,1387
Dino_de_Laurentis_,2882,1063
Dolly_Parton_,2596,895
Dolma_Tsering_,2773,1006
Dominik_Garcia-Lorido_,3903,1538
Dominique_de_Villepin_,2840,1042
Don_Nickles_,1997,508
Don_Siegelman_,2873,1059
Donald_Evans_,2938,1095
Donald_Fehr_,2305,705
Donald_Pettit_,2618,910
Donald_Rumsfeld_,1225,183
Donatella_Versace_,3615,1439
Donna_Shalala_,1767,391
Doris_Roberts_,1051,120
Doris_Schroeder_,1624,332
Dorthy_Moxley_,1433,240
Doug_Collins_,2259,669
Doug_Duncan_,2345,734
Doug_Melvin_,1452,248
Drew_Barrymore_,3177,1251
Duane_Lee_Chapman_,3383,1338
Dwayne_Johnson_,3807,1505
Ed_Rosenthal_,2821,1031
Ed_Smart_,2596,896
Eddie_Sutton_,2197,637
Eddy_Merckx_,2599,897
Edie_Falco_,2036,528
Edmund_Hillary_,1121,144
Edmund_Stoiber_,1717,367
Eduard_Shevardnadze_,2851,1048
Eduardo_Duhalde_,2418,789
Edward_James_Olmos_,2711,968
Edward_Kennedy_,2958,1110
Edward_Lu_,3947,1549
Edward_Norton_,1653,344
Edward_Said_,2828,1036
Edwin_Edwards_,1950,476
Edwina_Currie_,2236,653
Eileen_Coparropa_,2608,900
Elena_Bovina_,2611,904
Eliane_Karp_,2409,784
Elijah_Wood_,840,66
Elin_Nordegren_,3491,1390
Elinor_Caplan_,2404,780
Elisabeth_Schumacher_,2266,681
Elizabeth_Dole_,4117,1585
Elizabeth_Hurley_,3916,1541
Elizabeth_Shue_,1962,488
Elizabeth_Smart_,1161,160
Elizabeth_Taylor_,1389,222
Ellen_DeGeneres_,2339,730
Ellen_Engleman_,3183,1256
Elsa_Zylberstein_,3012,1146
Elton_John_,2562,871
Elvis_Presley_,1743,379
Emanuel_Ginobili_,1823,413
Emile_Lahoud_,2059,541
Emily_Robison_,2187,628
Emma_Thompson_,2358,745
Emma_Watson_,2557,867
Emmanuelle_Beart_,2007,511
Emmit_Smith_,3576,1426
Enrique_Bolanos_,2582,884
Eric_Clapton_,4249,1616
Eric_Hinske_,4549,1662
Eric_Robert_Rudolph_,3853,1520
Eric_Rosser_,3056,1180
Erik_Morales_,2368,752
Erika_Christensen_,1545,296
Erika_Harold_,1581,317
Erin_Runnion_,3012,1147
Ernesto_Zedillo_,3042,1173
Ernie_Els_,3165,1242
Ernie_Eves_,1668,349
Ernie_Fletcher_,3284,1293
Ethan_Hawke_,2295,701
Eunice_Barber_,2575,879
Eva_Dimas_,3866,1523
Evan_Rachel_Wood_,2974,1126
Evander_Holyfield_,1918,458
Eve_Pelletier_,2181,623
Fabiola_Zuluaga_,2938,1096
Fabrice_Santoro_,3657,1454
Farouk_al-Sharaa_,1852,426
Faye_Dunaway_,1359,210
Fayssal_Mekdad_,2526,852
Federico_Trillo_,3416,1351
Felipe_Perez_Roque_,2642,927
Felix_Mantilla_,2946,1104
Ferenc_Madl_,1212,178
Fernando_Gonzalez_,4597,1668
Fernando_Henrique_Cardoso_,981,99
Fernando_Vargas_,2719,972
Fidel_Castro_,2693,957
Filippo_Inzaghi_,4272,1620
Flavia_Delaroli_,3353,1327
Flor_Montulo_,2845,1044
Fran_Drescher_,1375,215
Frances_Fisher_,963,93
Francis_Ford_Coppola_,2967,1118
Francis_George_,2162,613
Francis_Mer_,1074,123
Francisco_Flores_,1862,432
Franco_Dragone_,733,46
Frank_Cassell_,4596,1667
Frank_Dunham_Jr_,1510,275
Frank_Griswold_,3336,1322
Frank_Lautenberg_,1747,384
Frank_Solich_,2386,768
Frank_Stallone_,2259,670
Franko_Simatovic_,3725,1478
Franz_Beckenbauer_,1492,265
Franz_Fischler_,2465,813
Franz_Muentefering_,1382,219
Fred_Eckhard_,1743,380
Fred_Funk_,2955,1109
Fred_Thompson_,3029,1162
Freddy_Garcia_,2290,698
Fujio_Cho_,2769,1002
GL_Peiris_,1852,427
Gabriel_Batistuta_,4210,1606
Gabriel_Valdes_,3434,1358
Gao_Qiang_,3753,1485
Garry_Kasparov_,2968,1120
Garry_Trudeau_,3526,1406
Gary_Bergeron_,2759,994
Gary_Carter_,3014,1148
Gary_Doer_,2025,522
Gary_Forsee_,1864,435
Gary_Locke_,2789,1011
Gary_Williams_,3023,1155
Gary_Winnick_,1795,401
Gene_Robinson_,2967,1119
Geno_Auriemma_,2089,559
Geoff_Hoon_,3815,1508
George_Brumley_,2609,902
George_Clooney_,2525,851
George_Foreman_,993,104
George_Galloway_,1572,311
George_HW_Bush_,2523,849
George_Karl_,783,53
George_Lopez_,3596,1432
George_P_Bush_,2630,918
George_Papandreou_,2934,1092
George_Pataki_,3300,1302
George_Robertson_,164,1
George_Roy_Hill_,2561,870
George_Ryan_,2023,519
George_Tenet_,3259,1283
George_Voinovich_,2086,555
George_W_Bush_,2061,543
Georgi_Parvanov_,2013,513
Geraldine_Chaplin_,3762,1490
Gerard_Depardieu_,1713,366
Gerardo_Gambala_,4315,1629
Gerhard_Schroeder_,2226,647
Gerry_Adams_,1040,116
Gerry_Parsky_,4299,1625
Gian_Marco_,2057,540
Gianna_Angelopoulos-Daskalaki_,2907,1076
Gil_de_Ferran_,4924,1679
Gilberto_Rodriguez_Orejuela_,4247,1614
Gillian_Anderson_,2187,629
Gisele_Bundchen_,1970,495
Giuseppe_Gibilisco_,2972,1123
Glafcos_Clerides_,2989,1135
Gloria_Allred_,2315,710
Gloria_Macapagal_Arroyo_,1176,166
Gloria_Trevi_,1733,375
Goh_Kun_,2357,743
Goldie_Hawn_,2589,889
Gonzalo_Sanchez_de_Lozada_,2902,1074
Goran_Persson_,1005,108
Gordon_Brown_,2383,764
Gordon_Campbell_,2310,708
Grady_Irvin_Jr_,2124,591
Grant_Hackett_,1818,408
Gray_Davis_,2494,827
Greg_Gilbert_,3265,1284
Greg_Ostertag_,2066,544
Greg_Owen_,3666,1459
Greg_Rusedski_,3493,1392
Gregg_Popovich_,3869,1525
Gregory_Geoffroy_,3147,1232
Gregory_Hines_,2231,650
Gro_Harlem_Brundtland_,1963,489
Guido_Westerwelle_,1865,436
Guillaume_Soro_,2371,755
Guillermo_Canas_,3713,1472
Guillermo_Coria_,3966,1555
Guillermo_Ortiz_,2213,640
Gunter_Pleuger_,1880,441
Gus_Van_Sant_,859,71
Gustavo_Kuerten_,2897,1073
Guy_Hemmings_,2388,770
Guy_Ritchie_,3455,1368
Gwendal_Peizerat_,1439,242
Gwyneth_Paltrow_,1830,416
Habib_Rizieq_,3032,1165
Hal_Gehman_,2747,984
Hal_Sutton_,3272,1286
Halle_Berry_,1534,284
Hamid_Karzai_,2345,735
Hamzah_Haz_,1688,359
Hanan_Ashrawi_,3018,1152
Hannah_Stockbauer_,2533,856
Hans_Blix_,1727,369
Hans_Eichel_,2108,569
Harbhajan_Singh_,2483,820
Harrison_Ford_,1677,354
Harry_Belafonte_,4310,1627
Harry_Kalas_,2019,517
Harry_Schmidt_,2321,716
Harvey_Weinstein_,449,14
Hashim_Thaci_,3343,1323
Hassan_Nasrallah_,3618,1440
Hassan_Wirajuda_,635,36
Hayley_Tullett_,2137,600
Heath_Ledger_,2610,903
Heather_Mills_,1138,149
Hector_Babenco_,1192,173
Hee-Won_Han_,4523,1658
Heidi_Fleiss_,2092,561
Heidi_Klum_,1711,365
Heinz_Feldmann_,2945,1102
Heizo_Takenaka_,3297,1301
Helen_Clark_,3612,1437
Henrique_Meirelles_,2112,574
Herb_Sendek_,3294,1300
Hermann_Maier_,1529,281
Herta_Daeubler-Gmelin_,1617,328
Hichiro_Naemura_,2122,588
Hideki_Matsui_,3952,1551
Hilary_Duff_,2401,776
Hillary_Clinton_,955,91
Hilmi_Ozkok_,546,23
Hipolito_Mejia_,1476,256
Hisao_Oguchi_,2721,974
Hitomi_Soga_,3073,1193
Holly_Hunter_,1961,486
Hootie_Johnson_,4016,1567
Horst_Koehler_,1056,121
Hosni_Mubarak_,2100,565
Howard_Dean_,2294,700
Howard_Schultz_,2711,969
Howard_Smith_,1863,433
Hu_Jintao_,1570,310
Hugh_Grant_,2112,575
Hugo_Chavez_,3836,1514
Hun_Sen_,3226,1269
Iain_Duncan_Smith_,2485,822
Ian_McKellen_,2277,685
Ian_Thorpe_,2594,891
Iban_Mayo_,4146,1591
Ibrahim_Jaafari_,1638,339
Igor_Ivanov_,1146,151
Ilan_Ramon_,1039,115
Imad_Moustapha_,2135,597
Inam-ul-Haq_,2250,662
Inocencio_Arias_,4199,1603
Intisar_Ajouri_,3218,1266
Isabella_Rossellini_,1223,182
Isabelle_Huppert_,2254,666
Isaiah_Washington_,4508,1657
Ishaq_Shahryar_,2110,571
Ismail_Merchant_,2813,1024
Iva_Majoli_,4286,1622
JJ_Redick_,1619,329
JK_Rowling_,1690,361
Jack_Grubman_,3037,1170
Jack_Nicholson_,4076,1577
Jack_Straw_,1534,285
Jackie_Chan_,960,92
Jacqueline_Obradors_,1148,153
Jacques_Chirac_,3480,1380
Jacques_Rogge_,1973,498
Jada_Pinkett_Smith_,3180,1254
Jake_Gyllenhaal_,2455,808
James_Blake_,3241,1276
James_Butts_,1383,220
James_Caan_,2818,1028
James_Cameron_,4075,1576
James_Cunningham_,1429,239
James_Franco_,1365,214
James_Gandolfini_,3827,1511
James_Ivory_,2074,548
James_Jones_,2627,914
James_Kelly_,983,101
James_Kopp_,2474,817
James_Maguire_,2256,667
James_McGreevey_,3043,1174
James_Morris_,2877,1061
James_Parker_,4412,1643
James_Schultz_,2227,648
James_Smith_,386,10
James_Traficant_,4224,1610
James_Wolfensohn_,1951,479
Jamie_Villafane_,1115,137
Jamling_Norgay_,1963,490
Jan-Michael_Gambill_,3490,1388
Jan_Ullrich_,1842,421
Jane_Fonda_,1927,465
Jane_Kaczmarek_,2737,979
Jane_Pauley_,2187,630
Janet_Napolitano_,3177,1252
Janet_Thorpe_,2666,944
Janica_Kostelic_,4613,1670
Jason_Alexander_,2135,598
Jason_Jennings_,1820,410
Jason_Kidd_,2074,549
Jason_Lezak_,2881,1062
Javier_Solana_,305,6
Javier_Weber_,4110,1583
Jay_Garner_,2820,1029
Jay_Leno_,2548,862
Jay_Rasulo_,3059,1182
Jayson_Williams_,2372,757
Jean-Claude_Braquet_,1147,152
Jean-Claude_Juncker_,2735,978
Jean-Claude_Trichet_,2388,771
Jean-David_Levitte_,3347,1325
Jean-Francois_Pontal_,1848,424
Jean-Marc_de_La_Sabliere_,3349,1326
Jean-Pierre_Raffarin_,3576,1427
Jean-Sebastien_Giguere_,2849,1046
Jean_Brumley_,2989,1136
Jean_Carnahan_,774,51
Jean_Charest_,2758,992
Jean_Chretien_,4074,1575
Jeanne_Moreau_,2103,566
Jeb_Bush_,3959,1554
Jeff_Van_Gundy_,3028,1161
Jefferson_Perez_,3235,1271
Jeffrey_Archer_,2190,632
Jeffrey_Immelt_,3954,1552
Jeffrey_Jones_,2228,649
Jeffrey_Scott_Postell_,2971,1122
Jelena_Dokic_,3206,1262
Jennifer_Aniston_,2378,759
Jennifer_Capriati_,3025,1157
Jennifer_Connelly_,819,63
Jennifer_Garner_,1113,136
Jennifer_Keller_,2021,518
Jennifer_Lopez_,3154,1234
Jennifer_Reilly_,2572,878
Jennifer_Rodriguez_,2278,687
Jennifer_Thompson_,3457,1370
Jeong_Se-hyun_,1479,258
Jeremy_Greenstock_,1522,280
Jeremy_Shockey_,1515,278
Jerry_Falwell_,2118,582
Jerry_Regier_,1172,164
Jerry_Springer_,2705,967
Jesse_Harris_,3889,1533
Jesse_Jackson_,3050,1176
Jesse_James_Leija_,1088,127
Jesse_Ventura_,2578,883
Jessica_Alba_,277,5
Jessica_Lange_,3440,1362
Jessica_Lynch_,2813,1025
Jia_Qinglin_,1730,372
Jiang_Zemin_,3285,1296
Jim_Carrey_,2893,1070
Jim_Edmonds_,3970,1556
Jim_Furyk_,4638,1672
Jim_Hahn_,2145,603
Jim_Harrick_,3873,1526
Jim_OBrien_,1611,326
Jim_Tressel_,1502,272
Jimmy_Carter_,1275,188
Jimmy_Kimmel_,1594,322
Jiri_Novak_,2097,563
Jo_Dee_Messina_,3478,1378
Joan_Claybrook_,2712,970
Joan_Laporta_,2495,828
Job_Cohen_,2873,1060
Jodie_Foster_,3163,1240
Joe_Calzaghe_,3183,1257
Joe_Dumars_,3174,1248
Joe_Gatti_,1425,235
Joe_Lieberman_,1899,452
Joe_Mantello_,2754,990
Joe_Nichols_,3354,1328
Joe_Torre_,2894,1071
Joerg_Haider_,2768,1000
John_Abizaid_,2523,850
John_Allen_Muhammad_,4686,1673
John_Ashcroft_,1280,191
John_Banko_,4176,1597
John_Blaney_,1963,491
John_Bolton_,2920,1085
John_Brady_,4078,1580
John_Cusack_,2240,657
John_Edwards_,2371,756
John_F_Kennedy_Jr_,2336,727
John_Garamendi_,3601,1435
John_Howard_,2147,604
John_Jumper_,2501,831
John_Kerry_,2359,746
John_Malkovich_,1538,290
John_Manley_,3457,1371
John_Mayer_,1171,163
John_McCain_,2403,778
John_McCallum_,3274,1290
John_McCormack_,3222,1267
John_McEnroe_,4135,1589
John_Negroponte_,2882,1064
John_Paul_II_,3188,1259
John_Reid_,3462,1373
John_Reilly_,1953,482
John_Rigas_,3025,1158
John_Rosa_,3081,1199
John_Rowland_,2920,1086
John_Ruiz_,2385,767
John_Snow_,2122,589
John_Spencer_,2262,675
John_Stallworth_,4121,1586
John_Stockton_,3698,1470
John_Swofford_,2582,885
John_Taylor_,1050,119
John_Timoney_,2288,697
John_Travolta_,1579,314
John_Walsh_,2110,572
John_Warner_,1998,509
John_Wolf_,544,22
Johnny_Carson_,1602,324
Johnny_Depp_,3510,1401
Johnny_Tapia_,1623,331
Johnny_Unitas_,508,18
Johnson_Panjaitan_,2673,947
Jolanta_Kwasniewski_,2343,732
Jon_Corzine_,2859,1052
Jon_Gruden_,2323,718
Jon_Voight_,2336,728
Jonathan_Edwards_,4408,1641
Jonathan_Mostow_,2352,738
Jong_Thae_Hwa_,2282,690
Jong_Wook_Lee_,1079,125
Jorge_Arce_,1884,444
Jorge_Batlle_,1867,437
Jorge_Castaneda_,1422,234
Jorge_Rodolfo_Canicoba_Corral_,1311,195
Jorge_Valdano_,1148,154
Joschka_Fischer_,2505,833
Jose_Canseco_,1513,277
Jose_Dirceu_,3467,1374
Jose_Manuel_Durao_Barroso_,2169,615
Jose_Maria_Aznar_,2441,797
Jose_Mourinho_,3636,1448
Jose_Sarney_,2607,899
Jose_Serra_,1969,494
Jose_Theodore_,2353,739
Jose_Viegas_Filho_,3622,1441
Joseph_Biden_,2697,960
Joseph_Blatter_,2792,1013
Joseph_Deiss_,3436,1360
Joseph_Estrada_,3957,1553
Joseph_Ralston_,662,39
Juan_Carlos_Ferrero_,633,35
Juan_Ignacio_Chela_,4293,1624
Juan_Manuel_Marquez_,1825,414
Juan_Pablo_Montoya_,4247,1615
Juan_Valencia_Osorio_,2195,635
Juanes_,2413,785
Jude_Law_,2557,868
Judi_Dench_,1771,392
Judy_Genshaft_,1627,334
Juergen_Peters_,3665,1457
Julia_Tymoshenko_,1924,464
Julianna_Margulies_,1043,118
Julianne_Moore_,2261,674
Julie_Gerberding_,3387,1341
Julie_Taymor_,2265,679
Julio_Iglesias_Jr_,1944,472
Junichiro_Koizumi_,2231,651
Justin_Gatlin_,4213,1607
Justin_Guarini_,3724,1476
Justin_Leonard_,2428,792
Justin_Timberlake_,2401,777
Justine_Henin_,3551,1413
Justine_Pasek_,1622,330
Kalpana_Chawla_,3155,1235
Kamal_Kharrazi_,3492,1391
Karen_Mok_,2838,1040
Karin_Stoiber_,613,32
Kate_Capshaw_,410,12
Kate_Hudson_,1177,167
Kate_Winslet_,2969,1121
Katherine_Harris_,4396,1639
Kathleen_Glynn_,1251,186
Kathleen_Kennedy_Townsend_,2033,526
Kathryn_Bigelow_,2192,634
Kathy_Winters_,848,67
Katie_Harman_,2305,706
Keanu_Reeves_,1776,394
Keira_Knightley_,2357,744
Keith_Bogans_,2513,840
Kelli_White_,4350,1637
Kelly_Clarkson_,2117,581
Kelvin_Sampson_,3284,1294
Kemal_Dervis_,2183,625
Ken_Macha_,2769,1003
Ken_Watanabe_,2755,991
Kenneth_Bowersox_,3539,1409
Kenneth_Branagh_,604,31
Kenneth_Evans_,1549,298
Kent_Rominger_,1944,473
Kevin_Costner_,2638,925
Kevin_Spacey_,3378,1336
Kevin_Stallings_,2388,772
Kieran_Prendergast_,4184,1599
Kifah_Ajouri_,4060,1573
Kiki_Vandeweghe_,1499,270
Kim_Clijsters_,2585,886
Kim_Dae-jung_,3131,1223
Kim_Jin-sun_,1582,318
Kim_Jong-Il_,1275,189
Kim_Ryong-sung_,1703,364
Kim_Yong-il_,2862,1053
Kimi_Raikkonen_,2426,790
King_Abdullah_II_,1059,122
Kirk_Ferentz_,3981,1561
Kirk_Johnson_,3322,1316
Kjell_Magne_Bondevik_,2260,672
Klaus_Zwickel_,2890,1067
Kobe_Bryant_,4201,1604
Kofi_Annan_,4051,1571
Kosuke_Kitajima_,3697,1469
Kristanna_Loken_,1536,288
Kristen_Breitweiser_,2153,608
Kristin_Davis_,2052,535
Kurt_Busch_,4588,1666
Kurt_Russell_,3416,1352
Kurt_Warner_,3876,1528
Kwon_Yang-sook_,1535,287
LK_Advani_,2362,747
Laila_Ali_,2130,594
Lana_Clarkson_,850,70
Lance_Armstrong_,3671,1460
Lance_Bass_,2887,1066
Larry_Bowa_,2627,915
Larry_Brown_,2651,933
Larry_Coker_,3072,1192
Larry_Ellison_,2842,1043
Larry_Johnson_,4227,1612
Larry_Lindsey_,3410,1345
Larry_Lucchino_,3118,1217
Larry_Thompson_,4187,1600
Lars_Von_Trier_,638,37
Latrell_Sprewell_,4555,1663
Laura_Bush_,3572,1423
Laura_Hernandez_,3876,1529
Laura_Linney_,1116,140
Lauren_Hutton_,786,55
Lauren_Killian_,1169,162
Laurent_Gbagbo_,3563,1419
Laurent_Jalabert_,3826,1510
Lawrence_MacAulay_,630,34
LeAnn_Rimes_,2048,534
LeBron_James_,3764,1492
Lea_Fastow_,1779,397
Leander_Paes_,2459,812
Lech_Walesa_,2576,881
Lee_Hoi-chang_,1206,176
Lee_Jun_,1615,327
Lee_Soo-hyuck_,3021,1154
Lee_Tae-sik_,2938,1097
Leland_Chapman_,3719,1474
Len_Jenoff_,2824,1034
Lennox_Lewis_,3125,1220
Lenny_Wilkens_,2975,1127
Leon_LaPorte_,2367,750
Leonard_Hamilton_,3274,1291
Leonardo_DiCaprio_,1384,221
Leonid_Kuchma_,2644,929
Lesley_McCulloch_,2441,798
Leslie_Ann_Woodward_,2119,583
Leslie_Caldwell_,2882,1065
Leslie_Moonves_,2568,876
Leszek_Miller_,3073,1194
Li_Peng_,2963,1114
Li_Zhaoxing_,982,100
Liam_Neeson_,2814,1026
Lili_Taylor_,1350,206
Lily_Tomlin_,1679,356
Lim_Dong-won_,1671,351
Lina_Krasnoroutskaya_,4574,1665
Lindsay_Benko_,3485,1384
Lindsay_Davenport_,3577,1428
Lindsey_Graham_,2000,510
Lino_Oviedo_,3413,1347
Lionel_Richie_,3679,1463
Lisa_Gottsegen_,1582,319
Lisa_Ling_,2110,573
Lisa_Marie_Presley_,2780,1008
Lisa_Raymond_,3152,1233
Liu_Mingkang_,2221,645
Liza_Minnelli_,3246,1279
Lleyton_Hewitt_,3418,1353
Lloyd_Ward_,1683,357
Lon_Kruger_,898,82
Lord_Hutton_,1477,257
Lou_Piniella_,3686,1467
Luciano_Pavarotti_,1115,138
Lucio_Gutierrez_,2857,1050
Lucy_Liu_,913,84
Ludivine_Sagnier_,1885,446
Luis_Ernesto_Derbez_Bautista_,4152,1592
Luis_Figo_,3094,1207
Luis_Gonzalez_Macchi_,2613,905
Luis_Horna_,3032,1166
Luiz_Felipe_Scolari_,2872,1058
Luiz_Inacio_Lula_da_Silva_,2542,860
Luke_Walton_,2013,514
Lyle_Vanclief_,1640,340
Lynn_Abraham_,1512,276
Lynn_Redgrave_,3366,1331
Lynne_Cheney_,2338,729
Mack_Brown_,581,26
Madeleine_Albright_,1671,352
Madonna_,1028,112
Magdalena_Maleeva_,4154,1595
Maggie_Smith_,1746,383
Magui_Serna_,3790,1500
Mahathir_Mohamad_,3209,1263
Mahmoud_Abbas_,3239,1272
Makhdoom_Amin_Fahim_,2253,664
Manfred_Stolpe_,4134,1588
Manuel_Poggiali_,1468,253
Marat_Safin_,3308,1309
Marc-Andre_Fleury_,3354,1329
Marc_Grossman_,1729,371
Marcelo_Ebrard_,2688,952
Marcelo_Rios_,3931,1546
Marcelo_Salas_,2651,934
Marco_Antonio_Barrera_,3472,1376
Marcus_Gronholm_,849,68
Margaret_Thatcher_,1401,229
Maria_Luisa_Mendonca_,3975,1558
Maria_Shriver_,1941,469
Maria_Soledad_Alvear_Valenzuela_,1777,395
Mariah_Carey_,882,75
Mariana_Pollack_,1437,241
Mariangel_Ruiz_Torrealba_,935,87
Marie-Reine_Le_Gougne_,2961,1112
Marieta_Chrousala_,888,79
Marilyn_Monroe_,2297,702
Marina_Anissina_,985,103
Mario_Cipollini_,4560,1664
Mario_Dumont_,2332,725
Mario_Kreutzberger_,3755,1486
Marisa_Tomei_,804,57
Marissa_Jaret_Winokur_,1428,237
Mark_Cuban_,2664,941
Mark_Dacey_,2053,537
Mark_Geragos_,2809,1023
Mark_Gottfried_,1119,143
Mark_Hamister_,3240,1274
Mark_Heller_,2802,1019
Mark_Hurlbert_,3791,1501
Mark_Philippoussis_,3583,1429
Mark_Richt_,1164,161
Mark_Schweiker_,1632,337
Mark_Wahlberg_,3536,1408
Mark_Warner_,2024,520
Markus_Naslund_,2195,636
Marlene_Weingartner_,3724,1477
Martha_Beatriz_Roque_,2237,654
Martha_Bowen_,1812,405
Martha_Burk_,3497,1393
Martha_Lucia_Ramirez_,2869,1054
Martha_Stewart_,1417,233
Martin_Brodeur_,2595,892
Martin_Cauchon_,2748,986
Martin_Hoellwarth_,3041,1172
Martin_McCauley_,3335,1321
Martin_McGuinness_,2918,1082
Martin_Scorsese_,1547,297
Martin_Sheen_,2395,773
Martin_Verkerk_,2918,1083
Martina_Hingis_,4448,1649
Martina_McBride_,2455,809
Marty_Mornhinweg_,1863,434
Marwan_Barghouthi_,2621,912
Mary-Kate_Olsen_,1664,346
Mary_Carey_,2911,1079
Mary_Landrieu_,1978,500
Mary_Steenburgen_,1850,425
Mary_Tyler_Moore_,3517,1405
Masahiko_Nagasawa_,3292,1298
Masum_Turker_,1175,165
Mathias_Reichhold_,3141,1229
Matt_Damon_,2940,1099
Matt_Dillon_,2532,855
Matt_Doherty_,3978,1559
Matthew_Broderick_,3246,1280
Matthew_Perry_,1312,196
Maureen_Fanning_,1993,506
Max_Mayfield_,2937,1093
Megan_Mullally_,1483,261
Megawati_Sukarnoputri_,3086,1200
Meghann_Shaughnessy_,3756,1488
Mel_Brooks_,2595,893
Mel_Gibson_,441,13
Melanie_Griffith_,3793,1502
Melissa_Etheridge_,811,59
Meryl_Streep_,1359,211
Mesut_Yilmaz_,1839,419
Mian_Khursheed_Mehmood_Kasuri_,3909,1540
Michael_Ballack_,2540,858
Michael_Bloomberg_,3052,1178
Michael_Caine_,2729,976
Michael_Capellas_,1651,343
Michael_Chang_,3583,1430
Michael_Chiklis_,1544,293
Michael_Douglas_,1667,348
Michael_J_Sheehan_,2073,547
Michael_Jackson_,2692,955
Michael_Jordan_,3501,1394
Michael_Keaton_,1731,373
Michael_Kostelnik_,974,97
Michael_Leavitt_,2499,830
Michael_Moore_,2125,592
Michael_Patrick_King_,2086,556
Michael_Phelps_,2534,857
Michael_Powell_,1357,208
Michael_Schumacher_,3623,1442
Michael_Sullivan_,887,78
Michael_Winterbottom_,1378,217
Michel_Duclos_,679,42
Michel_Temer_,3088,1202
Michel_Therrien_,2615,907
Michelle_Branch_,1781,398
Michelle_Collins_,4179,1598
Michelle_Kwan_,2984,1132
Michelle_Pfeiffer_,3555,1416
Michelle_Rodriguez_,2078,551
Michelle_Yeoh_,2630,919
Mick_Jagger_,1342,204
Miguel_Contreras_,3086,1201
Miguel_Estrada_,1498,269
Mike_Babcock_,2354,740
Mike_Brey_,833,65
Mike_Helton_,1441,244
Mike_Holmgren_,2216,641
Mike_Krzyzewski_,3775,1497
Mike_Martz_,2447,802
Mike_Miller_,3471,1375
Mike_Montgomery_,2238,655
Mike_Myers_,4028,1569
Mike_Price_,4270,1619
Mike_Scioscia_,4405,1640
Mike_Tyson_,4422,1647
Mike_Weir_,3413,1348
Mikhail_Gorbachev_,3997,1564
Mikhail_Kasyanov_,593,28
Mikhail_Wehbe_,3166,1244
Mikhail_Youzhny_,3508,1398
Mikulas_Dzurinda_,3569,1420
Milo_Djukanovic_,2633,921
Milo_Maestrecampo_,4122,1587
Minnie_Driver_,2662,940
Mireya_Moscoso_,1781,399
Miroljub_,2647,930
Mitchell_Daniels_,2943,1101
Mitoji_Yabunaka_,1750,385
Miyako_Miyazaki_,3069,1190
Mohamed_Benaissa_,3490,1389
Mohamed_ElBaradei_,2223,646
Mohammad_Khatami_,2904,1075
Mohammed_Al-Douri_,3205,1261
Mohammed_Baqir_al-Hakim_,2483,821
Monica_Bellucci_,1303,194
Monica_Lewinsky_,1890,449
Monica_Seles_,4196,1602
Monique_Garbrecht-Enfeldt_,2767,999
Morgan_Freeman_,2766,998
Moshe_Katsav_,2397,774
Muammar_Gaddafi_,3273,1288
Muhammad_Ali_,2890,1068
Muhammad_Saeed_al-Sahhaf_,2636,924
Mukesh_Ambani_,2961,1113
Munir_Akram_,3123,1219
Nabil_Shaath_,817,62
Nadia_Petrova_,4496,1655
Nadine_Vinzens_,2173,617
Naji_Sabri_,2575,880
Nan_Wang_,2247,661
Nancy_Demme_,1943,471
Nancy_Pelosi_,1397,226
Nancy_Reagan_,1568,308
Nancy_Sinatra_,1607,325
Nanni_Moretti_,3304,1306
Naomi_Campbell_,2497,829
Naomi_Watts_,2260,673
Naoto_Kan_,2190,633
Nasser_al-Kidwa_,4481,1654
Nastassia_Kinski_,1439,243
Natalie_Cole_,1559,303
Natalie_Coughlin_,1563,306
Natalie_Maines_,2152,607
Natasha_McElhone_,813,60
Nathalie_Baye_,2519,845
Nathan_Lane_,2179,622
Nebojsa_Pavkovic_,2080,552
Nelson_Mandela_,3759,1489
Neri_Marcore_,2381,762
Nestor_Kirchner_,1990,503
Nia_Vardalos_,998,105
Nicanor_Duarte_Frutos_,888,80
Nicholas_Byron_,3767,1493
Nicholas_Tse_,2806,1022
Nick_Nolte_,3276,1292
Nicolas_Cage_,1458,251
Nicolas_Escude_,3733,1481
Nicolas_Lapentti_,4497,1656
Nicole_Kidman_,2071,545
Nikki_Reed_,1920,460
Noah_Wyle_,1534,286
Noelle_Bush_,3306,1308
Nora_Bendijo_,4468,1652
Norah_Jones_,3516,1403
Norm_Coleman_,2453,806
Norman_Jewison_,3059,1183
Norodom_Sihanouk_,1191,172
Nursultan_Nazarbayev_,2354,741
OJ_Simpson_,1844,422
Oleksandr_Moroz_,469,17
Olesya_Bonabarenko_,3318,1314
Olivia_Newton-John_,1156,157
Omar_Sharif_,4016,1568
Oprah_Winfrey_,3702,1471
Orlando_Bloom_,1494,266
Orrin_Hatch_,1921,461
Osama_bin_Laden_,1937,468
Oscar_De_La_Hoya_,1101,131
Oscar_Elias_Biscet_,2285,691
Oswaldo_Paya_,3107,1213
Owen_Wilson_,1396,224
Oxana_Fedorova_,2837,1039
Ozzy_Osbourne_,1358,209
Padraig_Harrington_,3608,1436
Pamela_Anderson_,3657,1455
Paradorn_Srichaphan_,3370,1333
Paris_Hilton_,2158,612
Parris_Glendening_,3926,1544
Pascal_Lamy_,2080,553
Pascal_Quignard_,673,41
Pat_Burns_,3062,1184
Pat_Cox_,1858,430
Patrice_Chereau_,3040,1171
Patricia_Clarkson_,770,50
Patricia_Heaton_,2896,1072
Patrick_Ewing_,4414,1645
Patrick_Leahy_,3571,1422
Patrick_McEnroe_,3146,1230
Patrick_Roy_,1838,418
Patrick_Stewart_,3647,1453
Patti_Labelle_,1216,180
Patty_Schnyder_,3108,1214
Paul-Henri_Mathieu_,3850,1519
Paul_Bremer_,3880,1531
Paul_Burrell_,2265,680
Paul_Byrd_,2240,658
Paul_Coppin_,2027,524
Paul_Gascoigne_,2144,602
Paul_Hogan_,2857,1051
Paul_Kagame_,4060,1574
Paul_Martin_,2403,779
Paul_McCartney_,983,102
Paul_McNulty_,2266,682
Paul_ONeill_,3485,1385
Paul_Patton_,2489,824
Paul_Pierce_,3302,1305
Paul_Sarbanes_,3762,1491
Paul_Shanley_,2369,753
Paul_Tagliabue_,2112,576
Paul_Wellstone_,2378,760
Paul_William_Hurley_,1855,428
Paul_Wolfowitz_,2383,765
Paula_Radcliffe_,1495,267
Paula_Zahn_,3359,1330
Paulo_Cesar_Pinheiro_,2589,890
Pedro_Almodovar_,2174,618
Pedro_Malan_,1885,447
Pedro_Solbes_,3090,1206
Penelope_Ann_Miller_,1990,504
Penelope_Cruz_,2024,521
Pervez_Musharraf_,2264,677
Pete_Carroll_,2911,1080
Pete_Rose_,3067,1188
Pete_Sampras_,4336,1633
Peter_Arnett_,2695,959
Peter_Bacanovic_,1740,378
Peter_Costello_,963,94
Peter_Greenaway_,2141,601
Peter_Harrison_,3174,1249
Peter_Hillary_,2088,558
Peter_Struck_,1880,442
Petria_Thomas_,2748,987
Petro_Symonenko_,3089,1204
Phan_Van_Khai_,3509,1399
Phil_Gramm_,3210,1264
Phil_Mickelson_,3923,1542
Phil_Vassar_,2278,688
Philippe_Noiret_,4303,1626
Pierce_Brosnan_,3054,1179
Pierre_Boulanger_,3156,1236
Pierre_Pettigrew_,801,56
Placido_Domingo_,2835,1038
Prince_Charles_,513,19
Prince_Claus_,1818,409
Prince_Edward_,2323,719
Prince_Harry_,2220,644
Prince_Naruhito_,3428,1355
Prince_Willem-Alexander_,3573,1424
Prince_William_,3940,1547
Princess_Aiko_,3065,1185
Princess_Anne_,2963,1115
Princess_Caroline_,3369,1332
Princess_Elisabeth_,1727,370
Princess_Masako_,3268,1285
Priscilla_Owen_,1532,282
Priscilla_Presley_,2516,841
Pupi_Avati_,1544,294
Queen_Beatrix_,1595,323
Queen_Elizabeth_II_,2665,942
Queen_Latifah_,1887,448
Queen_Rania_,1626,333
Rachel_Griffiths_,2540,859
Rachel_Hunter_,2185,626
Rafael_Ramirez_,1953,483
Raghad_Saddam_Hussein_,2975,1128
Rainer_Schuettler_,4153,1594
Ralf_Schumacher_,4339,1635
Ralph_Firman_,2089,560
Ralph_Klein_,3771,1495
Ralph_Lauren_,1875,440
Ranil_Wickremasinghe_,4329,1631
Raoul_Ruiz_,1154,155
Raquel_Welch_,1275,190
Ray_Allen_,4437,1648
Ray_Nagin_,1301,193
Ray_Romano_,2457,811
Raymond_Odierno_,2176,619
Rebecca_Romijn-Stamos_,2560,869
Rebekah_Chantay_Revels_,3129,1222
Recep_Tayyip_Erdogan_,1532,283
Reese_Witherspoon_,1992,505
Reggie_Miller_,3784,1498
Renee_Zellweger_,1541,291
Ricardo_Lagos_,2094,562
Ricardo_Lopez_Murphy_,3161,1239
Ricardo_Maduro_,3727,1479
Ricardo_Monasterio_,3317,1313
Ricardo_Sanchez_,3755,1487
Rich_Gannon_,739,47
Richard_Armitage_,1858,431
Richard_Branson_,2277,686
Richard_Butler_,2820,1030
Richard_Crenna_,2953,1108
Richard_Gephardt_,3272,1287
Richard_Gere_,2132,596
Richard_Haass_,2747,985
Richard_Krajicek_,3677,1461
Richard_Myers_,2285,692
Richard_Norton-Taylor_,3437,1361
Richard_Sambrook_,3891,1534
Richard_Shelby_,2520,846
Richard_Virenque_,3255,1282
Richie_Adubato_,2919,1084
Rick_Barnes_,2406,781
Rick_Carlisle_,3613,1438
Rick_Dinse_,3501,1395
Rick_Perry_,2259,671
Rick_Pitino_,2951,1106
Rick_Romley_,2202,638
Rick_Santorum_,3631,1445
Rick_Stansbury_,1677,355
Rick_Wagoner_,587,27
Ricky_Barnes_,1345,205
Ricky_Martin_,1351,207
Ricky_Ponting_,3444,1363
Rio_Ferdinand_,2951,1107
Rita_Grande_,3135,1224
Rita_Moreno_,1379,218
Rita_Wilson_,954,90
Rob_Lowe_,2748,988
Rob_Marshall_,880,73
Rob_Schneider_,2995,1141
Robbie_Fowler_,2397,775
Robbie_Williams_,2617,909
Robby_Ginepri_,2793,1015
Robert_Blackwill_,1481,260
Robert_Blake_,327,8
Robert_Bonner_,1884,445
Robert_Bullock_,1762,389
Robert_DeFraites_,1750,386
Robert_De_Niro_,1689,360
Robert_Duvall_,1641,341
Robert_Ehrlich_,2737,980
Robert_Evans_,3014,1149
Robert_Fico_,1443,245
Robert_Horan_,1911,457
Robert_Kocharian_,1455,250
Robert_Mueller_,2263,676
Robert_Mugabe_,2989,1137
Robert_Redford_,2232,652
Robert_Stack_,3453,1365
Robert_Torricelli_,2978,1129
Robert_Witt_,3127,1221
Robert_Zoellick_,1115,139
Roberto_Benigni_,1479,259
Roberto_Carlos_,1904,455
Roberto_Marinho_,1295,192
Robin_Cook_,2298,703
Robin_McLaurin_Williams_,188,2
Robinson_Stevenin_,3171,1247
Rod_Blagojevich_,2752,989
Rod_Stewart_,1179,169
Rodrigo_Borja_,1732,374
Roger_Clemens_,3991,1563
Roger_Federer_,1816,407
Roger_Moore_,2407,783
Rogerio_Romero_,2511,839
Roh_Moo-hyun_,603,30
Rolandas_Paksas_,1544,295
Rolf_Eckrodt_,2072,546
Roman_Polanski_,1923,463
Romano_Prodi_,2791,1012
Ron_Dittemore_,2367,751
Ron_Howard_,3643,1452
Ronald_Reagan_,3636,1449
Ronaldo_Luis_Nazario_de_Lima_,1559,304
Roseanne_Barr_,4420,1646
Rosemarie_Stack_,2668,946
Roy_Jones_Jr_,1954,484
Roy_Moore_,1575,312
Roy_Williams_,3679,1464
Ruben_Studdard_,3165,1243
Rubens_Barrichello_,1159,159
Rudolph_Giuliani_,2741,983
Rupert_Grint_,623,33
Rupert_Murdoch_,1188,171
Russell_Coutts_,3036,1168
Russell_Crowe_,1096,130
Russell_Simmons_,3176,1250
Ruth_Dreifuss_,3552,1414
Ruth_Harlow_,3624,1443
S_Jayakumar_,3413,1349
Saburo_Kawabuchi_,1950,477
Sachiko_Yamada_,2554,866
Saddam_Hussein_,3552,1415
Sadie_Frost_,3032,1167
Saeb_Erekat_,3049,1175
Sally_Field_,1592,321
Sally_Kirkland_,1496,268
Sally_Ride_,3088,1203
Salma_Hayek_,1404,230
Salman_Rushdie_,3240,1275
Sam_Bith_,2678,951
Sam_Mendes_,2406,782
Sam_Torrance_,2576,882
Samira_Makhmalbaf_,2627,916
Sammy_Sosa_,4224,1611
Samuel_Waksal_,2240,659
Sandra_Bullock_,1735,376
Saparmurat_Niyazov_,1397,227
Sarah_Hughes_,2870,1055
Sarah_Jessica_Parker_,979,98
Sarah_Michelle_Gellar_,1121,145
Scott_McClellan_,2148,605
Scott_McNealy_,2634,923
Scott_Peterson_,2871,1057
Scott_Ritter_,2178,621
Scott_Rudin_,1516,279
Scott_Sullivan_,1452,249
Scott_Wolf_,767,49
Sean_Astin_,1118,142
Sean_Hayes_,3079,1198
Sean_OKeefe_,2453,807
Sean_Patrick_OMalley_,2995,1142
Sean_Penn_,3224,1268
Sebastian_Saja_,3800,1504
Sebastien_Grosjean_,3023,1156
Sepp_Blatter_,3590,1431
Serena_Williams_,2870,1056
Sergei_Ivanov_,1965,492
Sergey_Lavrov_,2702,961
Sergio_Garcia_,1832,417
Sergio_Vieira_De_Mello_,2565,874
Shane_Mosley_,2721,975
Shane_Warne_,946,89
Shannon_OBrien_,3026,1160
Sharon_Davis_,3661,1456
Sharon_Frey_,3010,1145
Sharon_Osbourne_,2034,527
Sharon_Stone_,4538,1661
Shaukat_Aziz_,2991,1138
Shaul_Mofaz_,2839,1041
Sheila_Copps_,3094,1208
Sheila_Fraser_,1156,158
Sheila_Wellstone_,2629,917
Sheryl_Crow_,1217,181
Shia_LaBeouf_,2608,901
Shimon_Peres_,2762,997
Sila_Calderon_,3308,1310
Silvan_Shalom_,3430,1357
Silvia_Farina_Elia_,893,81
Silvio_Berlusconi_,3326,1319
Silvio_Fernandez_,4773,1677
Simon_Cowell_,1627,335
Slobodan_Milosevic_,2104,567
Sonia_Gandhi_,2653,937
Sophia_Loren_,271,4
Sourav_Ganguly_,3722,1475
Spencer_Abraham_,2932,1090
Stacy_Dragila_,2026,523
Stan_Heath_,3316,1312
Stanley_McChrystal_,1107,135
Stanley_Tong_,2363,748
Stefano_Accorsi_,2427,791
Steffi_Graf_,2155,609
Stellan_Skarsgard_,2938,1098
Stephen_Ambrose_,2316,711
Stephen_Daldry_,1798,402
Stephen_Friedman_,3419,1354
Steve_Backley_,3156,1237
Steve_Ballmer_,2940,1100
Steve_Lavin_,3322,1317
Steve_Mariucci_,1807,403
Steve_Nash_,2320,715
Steve_Park_,2185,627
Steve_Spurrier_,2327,722
Steve_Waugh_,783,54
Steven_Hatfill_,2038,529
Steven_Seagal_,3244,1278
Steven_Spielberg_,547,24
Stockard_Channing_,2445,801
Strom_Thurmond_,1105,134
Sue_Wicks_,2509,837
Surakait_Sathirathai_,1919,459
Susan_Collins_,1845,423
Susan_Sarandon_,2978,1130
Susie_Castillo_,1726,368
Susilo_Bambang_Yudhoyono_,4531,1660
Suzanne_Gaudet_,2105,568
Svetlana_Koroleva_,400,11
Sylvester_Stallone_,655,38
Taha_Yassin_Ramadan_,2148,606
Takashi_Sorimachi_,1508,274
Tamara_Brooks_,3485,1386
Tammy_Lynn_Michaels_,813,61
Tang_Jiaxuan_,2518,843
Tariq_Aziz_,4059,1572
Tassos_Papadopoulos_,4013,1566
Taufik_Hidayat_,2043,531
Ted_Maher_,2543,861
Terje_Roed-Larsen_,1470,254
Terrell_Suggs_,3740,1482
Terry_McAuliffe_,3866,1524
Terry_Stotts_,3515,1402
Thabo_Mbeki_,3548,1412
Thaksin_Shinawatra_,1813,406
Theo_Epstein_,4479,1653
Theodore_Tweed_Roosevelt_,2086,557
Theresa_May_,2276,684
Thierry_Falise_,1116,141
Thomas_Birmingham_,2796,1016
Thomas_Bjorn_,3066,1187
Thomas_Fargo_,1541,292
Thomas_Malchow_,3898,1537
Thomas_OBrien_,541,21
Thomas_Rupprath_,4091,1581
Thomas_Wyman_,2331,724
Tiger_Woods_,3971,1557
Tim_Allen_,880,74
Tim_Chapman_,2416,788
Tim_Conway_,2832,1037
Tim_Curry_,1874,438
Tim_Duncan_,4386,1638
Tim_Floyd_,1501,271
Tim_Henman_,2986,1133
Tim_Robbins_,1101,132
Tippi_Hedren_,2328,723
Todd_Haynes_,3744,1484
Tom_Brady_,2136,599
Tom_Coverdale_,3293,1299
Tom_Craddick_,2677,948
Tom_Crean_,3480,1381
Tom_Cruise_,1208,177
Tom_Daschle_,1580,315
Tom_Glavine_,2415,787
Tom_Hanks_,2468,814
Tom_Harkin_,4260,1617
Tom_Jones_,2187,631
Tom_Reilly_,1820,411
Tom_Ridge_,1256,187
Tom_Watson_,2566,875
Tommy_Franks_,2038,530
Tommy_Haas_,2326,721
Tommy_Robredo_,2804,1021
Tommy_Thompson_,2772,1005
Tomoko_Hagiwara_,2450,805
Toni_Braxton_,3139,1228
Tony_Bennett_,1537,289
Tony_Blair_,3692,1468
Tony_Curtis_,2053,538
Tony_Parker_,3227,1270
Tony_Shalhoub_,3925,1543
Tony_Stewart_,1451,247
Torri_Edwards_,3874,1527
Toshihiko_Fukui_,998,106
Tracee_Ellis_Ross_,3308,1311
Tracy_McGrady_,3473,1377
Trent_Lott_,4455,1651
Tsutomu_Takebe_,2246,660
Tubby_Smith_,3542,1410
Tung_Chee-hwa_,3731,1480
Tyler_Hamilton_,3378,1337
Tyra_Banks_,1959,485
Tyron_Garner_,2522,848
Uma_Thurman_,1411,231
Vaclav_Havel_,3137,1225
Vaclav_Klaus_,2473,816
Valdas_Adamkus_,3138,1227
Valentino_Rossi_,4714,1674
Valerie_Harper_,2690,953
Valery_Giscard_dEstaing_,1931,467
Vanessa_Incontrada_,1664,347
Vanessa_Redgrave_,1745,381
Vanessa_Williams_,1961,487
Venus_Williams_,3344,1324
Vicente_Fernandez_,2768,1001
Vicente_Fox_,882,76
Vicki_Zhao_Wei_,861,72
Victoria_Beckham_,2800,1018
Victoria_Clarke_,4152,1593
Vidar_Helgesen_,3460,1372
Vin_Diesel_,3305,1307
Vince_Carter_,3893,1536
Vince_Gill_,671,40
Vincent_Brooks_,4236,1613
Vincent_Gallo_,1950,478
Vitali_Klitschko_,2119,584
Vivica_Fox_,2677,949
Vladimir_Putin_,2286,694
Vladimir_Spidla_,2909,1077
Vladimir_Voltchkov_,4626,1671
Vladimiro_Montesinos_,2846,1045
Vojislav_Kostunica_,2218,642
Walter_Mondale_,4335,1632
Wang_Yi_,2692,956
Wang_Yingfan_,321,7
Warren_Beatty_,2769,1004
Warren_Buffett_,2703,962
Wayne_Ferreira_,3429,1356
Wayne_Gretzky_,2530,853
Wen_Jiabao_,2157,611
Wesley_Clark_,3831,1512
Will_Smith_,2993,1139
William_Bratton_,1965,493
William_Bulger_,1428,238
William_Burns_,1569,309
William_Donaldson_,3569,1421
William_Ford_Jr_,1016,109
William_Hochul_,3844,1516
William_Macy_,1556,301
William_Martin_,1082,126
William_Rehnquist_,2823,1033
Win_Aung_,2972,1124
Winona_Ryder_,2758,993
Wolfgang_Schuessel_,2618,911
Woody_Allen_,3881,1532
Wu_Yi_,1821,412
Xanana_Gusmao_,2802,1020
Xavier_Malisse_,2286,695
Yann_Martel_,885,77
Yao_Ming_,2379,761
Yasar_Yakis_,2929,1089
Yashwant_Sinha_,2923,1088
Yasser_Arafat_,809,58
Yevgeny_Kafelnikov_,2341,731
Yoko_Ono_,2056,539
Yoriko_Kawaguchi_,913,85
Yossi_Beilin_,1391,223
Yu_Shyi-kun_,2264,678
Yukiko_Okudo_,1777,396
Yuri_Fedotov_,2432,794
Yuri_Malenchenko_,455,16
Zafarullah_Khan_Jamali_,2239,656
Zarai_Toledo_,1972,497
Zhang_Wenkang_,2595,894
Zhang_Ziyi_,2059,542
Zhu_Rongji_,1318,197
Zico_,3031,1164
Zinedine_Zidane_,1415,232
Zoran_Djindjic_,1340,203
